2 2 2 2 0 0 0 0 0 0 0 0 0 0 0 0
1 0 2 2 0 0 1 1 1 1 1 2 2 2 2 2
1 2 0 2 1 2 0 1 2 2 2 0 1 1 1 2
1 2 2 0 2 1 2 2 1 0 2 1 0 1 2 1
4
[(2, 2, 2, 2, 0, 0, 0, 0, 0, 0, 0, 0, 0, 0, 0, 0), (1, 0, 2, 2, 0, 0, 1, 1, 1, 1, 1, 2, 2, 2, 2, 2), (1, 2, 0, 2, 1, 2, 0, 1, 2, 2, 2, 0, 1, 1, 1, 2), (1, 2, 2, 0, 2, 1, 2, 2, 1, 0, 2, 1, 0, 1, 2, 1)]
{(2, 2, 2, 2, 0, 0, 0, 0, 0, 0, 0, 0, 0, 0, 0, 0), (1, 0, 2, 2, 0, 0, 1, 1, 1, 1, 1, 2, 2, 2, 2, 2), (1, 2, 0, 2, 1, 2, 0, 1, 2, 2, 2, 0, 1, 1, 1, 2), (1, 2, 2, 0, 2, 1, 2, 2, 1, 0, 2, 1, 0, 1, 2, 1)}
1 16
2 85
3 267
4 387
5 657
6 900
7 1008
8 1017
9 1017
1 0 0 0 0 1 0 0 1 0 0 1 1 1 0 1
1 0 0 0 0 1 0 0 1 0 1 1 1 1 0 1
1 0 0 0 0 1 0 0 1 0 2 1 1 1 0 1
1 0 0 0 0 1 0 0 1 1 0 1 0 1 0 1
1 0 0 0 0 1 0 0 1 1 0 1 0 1 1 1
1 0 0 0 0 1 0 0 1 1 0 1 0 1 2 1
1 0 0 0 0 1 0 0 1 1 0 1 1 1 0 1
1 0 0 0 0 1 0 0 1 1 0 1 1 1 1 1
1 0 0 0 0 1 0 0 1 1 0 1 1 1 2 1
1 0 0 0 0 1 0 0 1 1 1 1 1 1 0 1
1 0 0 0 0 1 0 0 1 1 1 1 1 1 1 1
1 0 0 0 0 1 0 0 1 1 1 1 1 1 2 1
1 0 0 0 0 1 0 0 1 1 2 1 1 1 0 1
1 0 0 0 0 1 0 0 1 1 2 1 1 1 1 1
1 0 0 0 0 1 0 0 1 1 2 1 1 1 2 1
1 0 0 0 0 1 0 1 1 1 0 1 1 1 0 1
1 0 0 0 0 1 0 1 1 1 0 1 1 1 1 1
1 0 0 0 0 1 0 1 1 1 0 1 1 1 2 1
1 0 0 0 0 1 0 1 1 1 1 1 1 1 0 1
1 0 0 0 0 1 0 1 1 1 1 1 1 1 1 1
1 0 0 0 0 1 0 1 1 1 1 1 1 1 2 1
1 0 0 0 0 1 0 1 1 1 2 1 1 1 0 1
1 0 0 0 0 1 0 1 1 1 2 1 1 1 1 1
1 0 0 0 0 1 0 1 1 1 2 1 1 1 2 1
1 0 0 0 0 1 0 2 1 1 0 1 1 1 0 1
1 0 0 0 0 1 0 2 1 1 0 1 1 1 1 1
1 0 0 0 0 1 0 2 1 1 0 1 1 1 2 1
1 0 0 0 0 1 0 2 1 1 1 1 1 1 0 1
1 0 0 0 0 1 0 2 1 1 1 1 1 1 1 1
1 0 0 0 0 1 0 2 1 1 1 1 1 1 2 1
1 0 0 0 0 1 0 2 1 1 2 1 1 1 0 1
1 0 0 0 0 1 0 2 1 1 2 1 1 1 1 1
1 0 0 0 0 1 0 2 1 1 2 1 1 1 2 1
1 0 0 0 0 1 1 0 1 0 0 1 1 1 0 1
1 0 0 0 0 1 1 0 1 0 1 1 1 1 0 1
1 0 0 0 0 1 1 0 1 0 2 1 1 1 0 1
1 0 0 0 0 1 1 0 1 1 0 1 1 1 0 1
1 0 0 0 0 1 1 0 1 1 0 1 1 1 1 1
1 0 0 0 0 1 1 0 1 1 0 1 1 1 2 1
1 0 0 0 0 1 1 0 1 1 1 1 1 1 0 1
1 0 0 0 0 1 1 0 1 1 1 1 1 1 1 1
1 0 0 0 0 1 1 0 1 1 1 1 1 1 2 1
1 0 0 0 0 1 1 0 1 1 2 1 1 1 0 1
1 0 0 0 0 1 1 0 1 1 2 1 1 1 1 1
1 0 0 0 0 1 1 0 1 1 2 1 1 1 2 1
1 0 0 0 0 1 1 1 1 1 0 1 1 1 0 1
1 0 0 0 0 1 1 1 1 1 0 1 1 1 1 1
1 0 0 0 0 1 1 1 1 1 0 1 1 1 2 1
1 0 0 0 0 1 1 1 1 1 1 0 0 0 0 0
1 0 0 0 0 1 1 1 1 1 1 0 0 0 1 0
1 0 0 0 0 1 1 1 1 1 1 0 0 0 2 0
1 0 0 0 0 1 1 1 1 1 1 0 1 0 0 0
1 0 0 0 0 1 1 1 1 1 1 0 1 0 1 0
1 0 0 0 0 1 1 1 1 1 1 0 1 0 2 0
1 0 0 0 0 1 1 1 1 1 1 0 2 0 0 0
1 0 0 0 0 1 1 1 1 1 1 0 2 0 1 0
1 0 0 0 0 1 1 1 1 1 1 0 2 0 2 0
1 0 0 0 0 1 1 1 1 1 1 1 0 1 0 1
1 0 0 0 0 1 1 1 1 1 1 1 0 1 1 1
1 0 0 0 0 1 1 1 1 1 1 1 0 1 2 1
1 0 0 0 0 1 1 1 1 1 1 1 1 1 0 1
1 0 0 0 0 1 1 1 1 1 1 1 1 1 1 1
1 0 0 0 0 1 1 1 1 1 1 1 1 1 2 1
1 0 0 0 0 1 1 1 1 1 1 1 2 1 0 1
1 0 0 0 0 1 1 1 1 1 1 1 2 1 1 1
1 0 0 0 0 1 1 1 1 1 1 1 2 1 2 1
1 0 0 0 0 1 1 1 1 1 1 2 0 2 0 2
1 0 0 0 0 1 1 1 1 1 1 2 0 2 1 2
1 0 0 0 0 1 1 1 1 1 1 2 0 2 2 2
1 0 0 0 0 1 1 1 1 1 1 2 1 2 0 2
1 0 0 0 0 1 1 1 1 1 1 2 1 2 1 2
1 0 0 0 0 1 1 1 1 1 1 2 1 2 2 2
1 0 0 0 0 1 1 1 1 1 1 2 2 2 0 2
1 0 0 0 0 1 1 1 1 1 1 2 2 2 1 2
1 0 0 0 0 1 1 1 1 1 1 2 2 2 2 2
1 0 0 0 0 1 1 1 1 1 2 1 1 1 0 1
1 0 0 0 0 1 1 1 1 1 2 1 1 1 1 1
1 0 0 0 0 1 1 1 1 1 2 1 1 1 2 1
1 0 0 0 0 1 1 2 1 1 0 1 1 1 0 1
1 0 0 0 0 1 1 2 1 1 0 1 1 1 1 1
1 0 0 0 0 1 1 2 1 1 0 1 1 1 2 1
1 0 0 0 0 1 1 2 1 1 1 1 1 1 0 1
1 0 0 0 0 1 1 2 1 1 1 1 1 1 1 1
1 0 0 0 0 1 1 2 1 1 1 1 1 1 2 1
1 0 0 0 0 1 1 2 1 1 2 1 1 1 0 1
1 0 0 0 0 1 1 2 1 1 2 1 1 1 1 1
1 0 0 0 0 1 1 2 1 1 2 1 1 1 2 1
1 0 0 0 0 1 2 0 1 0 0 1 1 1 0 1
1 0 0 0 0 1 2 0 1 0 1 1 1 1 0 1
1 0 0 0 0 1 2 0 1 0 2 1 1 1 0 1
1 0 0 0 0 1 2 0 1 1 0 1 1 1 0 1
1 0 0 0 0 1 2 0 1 1 0 1 1 1 1 1
1 0 0 0 0 1 2 0 1 1 0 1 1 1 2 1
1 0 0 0 0 1 2 0 1 1 1 1 1 1 0 1
1 0 0 0 0 1 2 0 1 1 1 1 1 1 1 1
1 0 0 0 0 1 2 0 1 1 1 1 1 1 2 1
1 0 0 0 0 1 2 0 1 1 2 1 1 1 0 1
1 0 0 0 0 1 2 0 1 1 2 1 1 1 1 1
1 0 0 0 0 1 2 0 1 1 2 1 1 1 2 1
1 0 0 0 0 1 2 1 1 1 0 1 1 1 0 1
1 0 0 0 0 1 2 1 1 1 0 1 1 1 1 1
1 0 0 0 0 1 2 1 1 1 0 1 1 1 2 1
1 0 0 0 0 1 2 1 1 1 1 1 1 1 0 1
1 0 0 0 0 1 2 1 1 1 1 1 1 1 1 1
1 0 0 0 0 1 2 1 1 1 1 1 1 1 2 1
1 0 0 0 0 1 2 1 1 1 2 1 1 1 0 1
1 0 0 0 0 1 2 1 1 1 2 1 1 1 1 1
1 0 0 0 0 1 2 1 1 1 2 1 1 1 2 1
1 0 0 0 0 1 2 2 1 1 0 1 1 1 0 1
1 0 0 0 0 1 2 2 1 1 0 1 1 1 1 1
1 0 0 0 0 1 2 2 1 1 0 1 1 1 2 1
1 0 0 0 0 1 2 2 1 1 1 1 1 1 0 1
1 0 0 0 0 1 2 2 1 1 1 1 1 1 1 1
1 0 0 0 0 1 2 2 1 1 1 1 1 1 2 1
1 0 0 0 0 1 2 2 1 1 2 1 0 1 0 1
1 0 0 0 0 1 2 2 1 1 2 1 0 1 1 1
1 0 0 0 0 1 2 2 1 1 2 1 0 1 2 1
1 0 0 0 0 1 2 2 1 1 2 1 1 1 0 1
1 0 0 0 0 1 2 2 1 1 2 1 1 1 1 1
1 0 0 0 0 1 2 2 1 1 2 1 1 1 2 1
1 0 0 0 1 0 0 1 0 0 0 1 1 1 1 0
1 0 0 0 1 0 0 1 0 0 1 1 1 1 1 0
1 0 0 0 1 0 0 1 0 0 2 1 1 1 1 0
1 0 0 0 1 0 0 1 0 1 0 1 1 1 1 0
1 0 0 0 1 0 0 1 0 1 1 1 1 1 1 0
1 0 0 0 1 0 0 1 0 1 2 1 1 1 1 0
1 0 0 0 1 0 0 1 0 2 0 1 1 1 1 0
1 0 0 0 1 0 0 1 0 2 1 1 1 1 1 0
1 0 0 0 1 0 0 1 0 2 2 1 1 1 1 0
1 0 0 0 1 0 1 1 0 0 0 0 1 1 1 0
1 0 0 0 1 0 1 1 0 0 0 0 1 1 1 1
1 0 0 0 1 0 1 1 0 0 0 0 1 1 1 2
1 0 0 0 1 0 1 1 0 0 0 1 1 1 1 0
1 0 0 0 1 0 1 1 0 0 0 1 1 1 1 1
1 0 0 0 1 0 1 1 0 0 0 1 1 1 1 2
1 0 0 0 1 0 1 1 0 0 1 1 1 1 1 0
1 0 0 0 1 0 1 1 0 0 1 1 1 1 1 1
1 0 0 0 1 0 1 1 0 0 1 1 1 1 1 2
1 0 0 0 1 0 1 1 0 0 2 1 1 1 1 0
1 0 0 0 1 0 1 1 0 0 2 1 1 1 1 1
1 0 0 0 1 0 1 1 0 0 2 1 1 1 1 2
1 0 0 0 1 0 1 1 0 1 0 1 1 1 1 0
1 0 0 0 1 0 1 1 0 1 0 1 1 1 1 1
1 0 0 0 1 0 1 1 0 1 0 1 1 1 1 2
1 0 0 0 1 0 1 1 0 1 1 1 1 1 1 0
1 0 0 0 1 0 1 1 0 1 1 1 1 1 1 1
1 0 0 0 1 0 1 1 0 1 1 1 1 1 1 2
1 0 0 0 1 0 1 1 0 1 2 1 1 1 1 0
1 0 0 0 1 0 1 1 0 1 2 1 1 1 1 1
1 0 0 0 1 0 1 1 0 1 2 1 1 1 1 2
1 0 0 0 1 0 1 1 0 2 0 1 1 1 1 0
1 0 0 0 1 0 1 1 0 2 0 1 1 1 1 1
1 0 0 0 1 0 1 1 0 2 0 1 1 1 1 2
1 0 0 0 1 0 1 1 0 2 1 1 1 1 1 0
1 0 0 0 1 0 1 1 0 2 1 1 1 1 1 1
1 0 0 0 1 0 1 1 0 2 1 1 1 1 1 2
1 0 0 0 1 0 1 1 0 2 2 1 1 1 1 0
1 0 0 0 1 0 1 1 0 2 2 1 1 1 1 1
1 0 0 0 1 0 1 1 0 2 2 1 1 1 1 2
1 0 0 0 1 0 1 1 1 0 0 1 1 1 1 0
1 0 0 0 1 0 1 1 1 0 0 1 1 1 1 1
1 0 0 0 1 0 1 1 1 0 0 1 1 1 1 2
1 0 0 0 1 0 1 1 1 0 1 1 1 1 1 0
1 0 0 0 1 0 1 1 1 0 1 1 1 1 1 1
1 0 0 0 1 0 1 1 1 0 1 1 1 1 1 2
1 0 0 0 1 0 1 1 1 0 2 1 1 1 1 0
1 0 0 0 1 0 1 1 1 0 2 1 1 1 1 1
1 0 0 0 1 0 1 1 1 0 2 1 1 1 1 2
1 0 0 0 1 0 1 1 1 1 0 1 1 1 1 0
1 0 0 0 1 0 1 1 1 1 0 1 1 1 1 1
1 0 0 0 1 0 1 1 1 1 0 1 1 1 1 2
1 0 0 0 1 0 1 1 1 1 1 0 0 0 0 0
1 0 0 0 1 0 1 1 1 1 1 0 0 0 0 1
1 0 0 0 1 0 1 1 1 1 1 0 0 0 0 2
1 0 0 0 1 0 1 1 1 1 1 0 1 1 1 0
1 0 0 0 1 0 1 1 1 1 1 0 1 1 1 1
1 0 0 0 1 0 1 1 1 1 1 0 1 1 1 2
1 0 0 0 1 0 1 1 1 1 1 0 2 2 2 0
1 0 0 0 1 0 1 1 1 1 1 0 2 2 2 1
1 0 0 0 1 0 1 1 1 1 1 0 2 2 2 2
1 0 0 0 1 0 1 1 1 1 1 1 0 0 0 0
1 0 0 0 1 0 1 1 1 1 1 1 0 0 0 1
1 0 0 0 1 0 1 1 1 1 1 1 0 0 0 2
1 0 0 0 1 0 1 1 1 1 1 1 1 1 1 0
1 0 0 0 1 0 1 1 1 1 1 1 1 1 1 1
1 0 0 0 1 0 1 1 1 1 1 1 1 1 1 2
1 0 0 0 1 0 1 1 1 1 1 1 2 2 2 0
1 0 0 0 1 0 1 1 1 1 1 1 2 2 2 1
1 0 0 0 1 0 1 1 1 1 1 1 2 2 2 2
1 0 0 0 1 0 1 1 1 1 1 2 0 0 0 0
1 0 0 0 1 0 1 1 1 1 1 2 0 0 0 1
1 0 0 0 1 0 1 1 1 1 1 2 0 0 0 2
1 0 0 0 1 0 1 1 1 1 1 2 1 1 1 0
1 0 0 0 1 0 1 1 1 1 1 2 1 1 1 1
1 0 0 0 1 0 1 1 1 1 1 2 1 1 1 2
1 0 0 0 1 0 1 1 1 1 1 2 2 2 2 0
1 0 0 0 1 0 1 1 1 1 1 2 2 2 2 1
1 0 0 0 1 0 1 1 1 1 1 2 2 2 2 2
1 0 0 0 1 0 1 1 1 1 2 1 1 1 1 0
1 0 0 0 1 0 1 1 1 1 2 1 1 1 1 1
1 0 0 0 1 0 1 1 1 1 2 1 1 1 1 2
1 0 0 0 1 0 1 1 1 2 0 1 1 1 1 0
1 0 0 0 1 0 1 1 1 2 0 1 1 1 1 1
1 0 0 0 1 0 1 1 1 2 0 1 1 1 1 2
1 0 0 0 1 0 1 1 1 2 1 1 1 1 1 0
1 0 0 0 1 0 1 1 1 2 1 1 1 1 1 1
1 0 0 0 1 0 1 1 1 2 1 1 1 1 1 2
1 0 0 0 1 0 1 1 1 2 2 1 1 1 1 0
1 0 0 0 1 0 1 1 1 2 2 1 1 1 1 1
1 0 0 0 1 0 1 1 1 2 2 1 1 1 1 2
1 0 0 0 1 0 1 1 2 0 0 1 1 1 1 0
1 0 0 0 1 0 1 1 2 0 0 1 1 1 1 1
1 0 0 0 1 0 1 1 2 0 0 1 1 1 1 2
1 0 0 0 1 0 1 1 2 0 1 1 1 1 1 0
1 0 0 0 1 0 1 1 2 0 1 1 1 1 1 1
1 0 0 0 1 0 1 1 2 0 1 1 1 1 1 2
1 0 0 0 1 0 1 1 2 0 2 1 1 1 1 0
1 0 0 0 1 0 1 1 2 0 2 1 1 1 1 1
1 0 0 0 1 0 1 1 2 0 2 1 1 1 1 2
1 0 0 0 1 0 1 1 2 1 0 1 1 1 1 0
1 0 0 0 1 0 1 1 2 1 0 1 1 1 1 1
1 0 0 0 1 0 1 1 2 1 0 1 1 1 1 2
1 0 0 0 1 0 1 1 2 1 1 1 1 1 1 0
1 0 0 0 1 0 1 1 2 1 1 1 1 1 1 1
1 0 0 0 1 0 1 1 2 1 1 1 1 1 1 2
1 0 0 0 1 0 1 1 2 1 2 1 1 1 1 0
1 0 0 0 1 0 1 1 2 1 2 1 1 1 1 1
1 0 0 0 1 0 1 1 2 1 2 1 1 1 1 2
1 0 0 0 1 0 1 1 2 2 0 1 1 1 1 0
1 0 0 0 1 0 1 1 2 2 0 1 1 1 1 1
1 0 0 0 1 0 1 1 2 2 0 1 1 1 1 2
1 0 0 0 1 0 1 1 2 2 1 1 1 1 1 0
1 0 0 0 1 0 1 1 2 2 1 1 1 1 1 1
1 0 0 0 1 0 1 1 2 2 1 1 1 1 1 2
1 0 0 0 1 0 1 1 2 2 2 0 1 1 1 0
1 0 0 0 1 0 1 1 2 2 2 0 1 1 1 1
1 0 0 0 1 0 1 1 2 2 2 0 1 1 1 2
1 0 0 0 1 0 1 1 2 2 2 1 1 1 1 0
1 0 0 0 1 0 1 1 2 2 2 1 1 1 1 1
1 0 0 0 1 0 1 1 2 2 2 1 1 1 1 2
1 0 0 0 1 1 0 0 1 1 0 1 0 1 0 1
1 0 0 0 1 1 0 0 1 1 0 1 0 1 1 1
1 0 0 0 1 1 0 0 1 1 0 1 0 1 2 1
1 0 0 0 1 1 0 0 1 1 0 1 1 1 0 1
1 0 0 0 1 1 0 0 1 1 0 1 1 1 1 1
1 0 0 0 1 1 0 0 1 1 0 1 1 1 2 1
1 0 0 0 1 1 0 0 1 1 1 1 1 1 0 1
1 0 0 0 1 1 0 0 1 1 1 1 1 1 1 1
1 0 0 0 1 1 0 0 1 1 1 1 1 1 2 1
1 0 0 0 1 1 0 0 1 1 2 1 1 1 0 1
1 0 0 0 1 1 0 0 1 1 2 1 1 1 1 1
1 0 0 0 1 1 0 0 1 1 2 1 1 1 2 1
1 0 0 0 1 1 0 1 1 0 0 1 1 1 1 1
1 0 0 0 1 1 0 1 1 0 1 1 1 1 1 1
1 0 0 0 1 1 0 1 1 0 2 1 1 1 1 1
1 0 0 0 1 1 0 1 1 1 0 1 1 1 0 1
1 0 0 0 1 1 0 1 1 1 0 1 1 1 1 1
1 0 0 0 1 1 0 1 1 1 0 1 1 1 2 1
1 0 0 0 1 1 0 1 1 1 1 1 1 1 0 1
1 0 0 0 1 1 0 1 1 1 1 1 1 1 1 1
1 0 0 0 1 1 0 1 1 1 1 1 1 1 2 1
1 0 0 0 1 1 0 1 1 1 2 1 1 1 0 1
1 0 0 0 1 1 0 1 1 1 2 1 1 1 1 1
1 0 0 0 1 1 0 1 1 1 2 1 1 1 2 1
1 0 0 0 1 1 0 1 1 2 0 1 1 1 1 1
1 0 0 0 1 1 0 1 1 2 1 1 1 1 1 1
1 0 0 0 1 1 0 1 1 2 2 1 1 1 1 1
1 0 0 0 1 1 0 2 1 1 0 1 1 1 0 1
1 0 0 0 1 1 0 2 1 1 0 1 1 1 1 1
1 0 0 0 1 1 0 2 1 1 0 1 1 1 2 1
1 0 0 0 1 1 0 2 1 1 1 1 1 1 0 1
1 0 0 0 1 1 0 2 1 1 1 1 1 1 1 1
1 0 0 0 1 1 0 2 1 1 1 1 1 1 2 1
1 0 0 0 1 1 0 2 1 1 2 1 1 1 0 1
1 0 0 0 1 1 0 2 1 1 2 1 1 1 1 1
1 0 0 0 1 1 0 2 1 1 2 1 1 1 2 1
1 0 0 0 1 1 1 0 1 1 0 1 1 1 0 1
1 0 0 0 1 1 1 0 1 1 0 1 1 1 1 1
1 0 0 0 1 1 1 0 1 1 0 1 1 1 2 1
1 0 0 0 1 1 1 0 1 1 1 1 1 1 0 1
1 0 0 0 1 1 1 0 1 1 1 1 1 1 1 1
1 0 0 0 1 1 1 0 1 1 1 1 1 1 2 1
1 0 0 0 1 1 1 0 1 1 2 1 1 1 0 1
1 0 0 0 1 1 1 0 1 1 2 1 1 1 1 1
1 0 0 0 1 1 1 0 1 1 2 1 1 1 2 1
1 0 0 0 1 1 1 1 0 0 0 0 1 1 1 0
1 0 0 0 1 1 1 1 0 0 0 0 1 1 1 1
1 0 0 0 1 1 1 1 0 0 0 0 1 1 1 2
1 0 0 0 1 1 1 1 0 0 0 1 1 1 1 0
1 0 0 0 1 1 1 1 0 0 0 1 1 1 1 1
1 0 0 0 1 1 1 1 0 0 0 1 1 1 1 2
1 0 0 0 1 1 1 1 0 0 1 1 1 1 1 0
1 0 0 0 1 1 1 1 0 0 1 1 1 1 1 1
1 0 0 0 1 1 1 1 0 0 1 1 1 1 1 2
1 0 0 0 1 1 1 1 0 0 2 1 1 1 1 0
1 0 0 0 1 1 1 1 0 0 2 1 1 1 1 1
1 0 0 0 1 1 1 1 0 0 2 1 1 1 1 2
1 0 0 0 1 1 1 1 0 1 0 1 1 1 1 0
1 0 0 0 1 1 1 1 0 1 0 1 1 1 1 1
1 0 0 0 1 1 1 1 0 1 0 1 1 1 1 2
1 0 0 0 1 1 1 1 0 1 1 1 1 1 1 0
1 0 0 0 1 1 1 1 0 1 1 1 1 1 1 1
1 0 0 0 1 1 1 1 0 1 1 1 1 1 1 2
1 0 0 0 1 1 1 1 0 1 2 1 1 1 1 0
1 0 0 0 1 1 1 1 0 1 2 1 1 1 1 1
1 0 0 0 1 1 1 1 0 1 2 1 1 1 1 2
1 0 0 0 1 1 1 1 0 2 0 1 1 1 1 0
1 0 0 0 1 1 1 1 0 2 0 1 1 1 1 1
1 0 0 0 1 1 1 1 0 2 0 1 1 1 1 2
1 0 0 0 1 1 1 1 0 2 1 1 1 1 1 0
1 0 0 0 1 1 1 1 0 2 1 1 1 1 1 1
1 0 0 0 1 1 1 1 0 2 1 1 1 1 1 2
1 0 0 0 1 1 1 1 0 2 2 1 1 1 1 0
1 0 0 0 1 1 1 1 0 2 2 1 1 1 1 1
1 0 0 0 1 1 1 1 0 2 2 1 1 1 1 2
1 0 0 0 1 1 1 1 1 0 0 1 1 1 1 0
1 0 0 0 1 1 1 1 1 0 0 1 1 1 1 1
1 0 0 0 1 1 1 1 1 0 0 1 1 1 1 2
1 0 0 0 1 1 1 1 1 0 1 1 1 1 1 0
1 0 0 0 1 1 1 1 1 0 1 1 1 1 1 1
1 0 0 0 1 1 1 1 1 0 1 1 1 1 1 2
1 0 0 0 1 1 1 1 1 0 2 1 1 1 1 0
1 0 0 0 1 1 1 1 1 0 2 1 1 1 1 1
1 0 0 0 1 1 1 1 1 0 2 1 1 1 1 2
1 0 0 0 1 1 1 1 1 1 0 1 1 1 0 1
1 0 0 0 1 1 1 1 1 1 0 1 1 1 1 0
1 0 0 0 1 1 1 1 1 1 0 1 1 1 1 1
1 0 0 0 1 1 1 1 1 1 0 1 1 1 1 2
1 0 0 0 1 1 1 1 1 1 0 1 1 1 2 1
1 0 0 0 1 1 1 1 1 1 1 0 0 0 0 0
1 0 0 0 1 1 1 1 1 1 1 0 0 0 0 1
1 0 0 0 1 1 1 1 1 1 1 0 0 0 0 2
1 0 0 0 1 1 1 1 1 1 1 0 0 0 1 0
1 0 0 0 1 1 1 1 1 1 1 0 0 0 1 1
1 0 0 0 1 1 1 1 1 1 1 0 0 0 1 2
1 0 0 0 1 1 1 1 1 1 1 0 0 0 2 0
1 0 0 0 1 1 1 1 1 1 1 0 0 0 2 1
1 0 0 0 1 1 1 1 1 1 1 0 0 0 2 2
1 0 0 0 1 1 1 1 1 1 1 0 0 1 0 0
1 0 0 0 1 1 1 1 1 1 1 0 0 1 0 1
1 0 0 0 1 1 1 1 1 1 1 0 0 1 0 2
1 0 0 0 1 1 1 1 1 1 1 0 0 1 1 0
1 0 0 0 1 1 1 1 1 1 1 0 0 1 1 1
1 0 0 0 1 1 1 1 1 1 1 0 0 1 1 2
1 0 0 0 1 1 1 1 1 1 1 0 0 1 2 0
1 0 0 0 1 1 1 1 1 1 1 0 0 1 2 1
1 0 0 0 1 1 1 1 1 1 1 0 0 1 2 2
1 0 0 0 1 1 1 1 1 1 1 0 0 2 0 0
1 0 0 0 1 1 1 1 1 1 1 0 0 2 0 1
1 0 0 0 1 1 1 1 1 1 1 0 0 2 0 2
1 0 0 0 1 1 1 1 1 1 1 0 0 2 1 0
1 0 0 0 1 1 1 1 1 1 1 0 0 2 1 1
1 0 0 0 1 1 1 1 1 1 1 0 0 2 1 2
1 0 0 0 1 1 1 1 1 1 1 0 0 2 2 0
1 0 0 0 1 1 1 1 1 1 1 0 0 2 2 1
1 0 0 0 1 1 1 1 1 1 1 0 0 2 2 2
1 0 0 0 1 1 1 1 1 1 1 0 1 0 0 0
1 0 0 0 1 1 1 1 1 1 1 0 1 0 0 1
1 0 0 0 1 1 1 1 1 1 1 0 1 0 0 2
1 0 0 0 1 1 1 1 1 1 1 0 1 0 1 0
1 0 0 0 1 1 1 1 1 1 1 0 1 0 1 1
1 0 0 0 1 1 1 1 1 1 1 0 1 0 1 2
1 0 0 0 1 1 1 1 1 1 1 0 1 0 2 0
1 0 0 0 1 1 1 1 1 1 1 0 1 0 2 1
1 0 0 0 1 1 1 1 1 1 1 0 1 0 2 2
1 0 0 0 1 1 1 1 1 1 1 0 1 1 0 0
1 0 0 0 1 1 1 1 1 1 1 0 1 1 0 1
1 0 0 0 1 1 1 1 1 1 1 0 1 1 0 2
1 0 0 0 1 1 1 1 1 1 1 0 1 1 1 0
1 0 0 0 1 1 1 1 1 1 1 0 1 1 1 1
1 0 0 0 1 1 1 1 1 1 1 0 1 1 1 2
1 0 0 0 1 1 1 1 1 1 1 0 1 1 2 0
1 0 0 0 1 1 1 1 1 1 1 0 1 1 2 1
1 0 0 0 1 1 1 1 1 1 1 0 1 1 2 2
1 0 0 0 1 1 1 1 1 1 1 0 1 2 0 0
1 0 0 0 1 1 1 1 1 1 1 0 1 2 0 1
1 0 0 0 1 1 1 1 1 1 1 0 1 2 0 2
1 0 0 0 1 1 1 1 1 1 1 0 1 2 1 0
1 0 0 0 1 1 1 1 1 1 1 0 1 2 1 1
1 0 0 0 1 1 1 1 1 1 1 0 1 2 1 2
1 0 0 0 1 1 1 1 1 1 1 0 1 2 2 0
1 0 0 0 1 1 1 1 1 1 1 0 1 2 2 1
1 0 0 0 1 1 1 1 1 1 1 0 1 2 2 2
1 0 0 0 1 1 1 1 1 1 1 0 2 0 0 0
1 0 0 0 1 1 1 1 1 1 1 0 2 0 0 1
1 0 0 0 1 1 1 1 1 1 1 0 2 0 0 2
1 0 0 0 1 1 1 1 1 1 1 0 2 0 1 0
1 0 0 0 1 1 1 1 1 1 1 0 2 0 1 1
1 0 0 0 1 1 1 1 1 1 1 0 2 0 1 2
1 0 0 0 1 1 1 1 1 1 1 0 2 0 2 0
1 0 0 0 1 1 1 1 1 1 1 0 2 0 2 1
1 0 0 0 1 1 1 1 1 1 1 0 2 0 2 2
1 0 0 0 1 1 1 1 1 1 1 0 2 1 0 0
1 0 0 0 1 1 1 1 1 1 1 0 2 1 0 1
1 0 0 0 1 1 1 1 1 1 1 0 2 1 0 2
1 0 0 0 1 1 1 1 1 1 1 0 2 1 1 0
1 0 0 0 1 1 1 1 1 1 1 0 2 1 1 1
1 0 0 0 1 1 1 1 1 1 1 0 2 1 1 2
1 0 0 0 1 1 1 1 1 1 1 0 2 1 2 0
1 0 0 0 1 1 1 1 1 1 1 0 2 1 2 1
1 0 0 0 1 1 1 1 1 1 1 0 2 1 2 2
1 0 0 0 1 1 1 1 1 1 1 0 2 2 0 0
1 0 0 0 1 1 1 1 1 1 1 0 2 2 0 1
1 0 0 0 1 1 1 1 1 1 1 0 2 2 0 2
1 0 0 0 1 1 1 1 1 1 1 0 2 2 1 0
1 0 0 0 1 1 1 1 1 1 1 0 2 2 1 1
1 0 0 0 1 1 1 1 1 1 1 0 2 2 1 2
1 0 0 0 1 1 1 1 1 1 1 0 2 2 2 0
1 0 0 0 1 1 1 1 1 1 1 0 2 2 2 1
1 0 0 0 1 1 1 1 1 1 1 0 2 2 2 2
1 0 0 0 1 1 1 1 1 1 1 1 0 0 0 0
1 0 0 0 1 1 1 1 1 1 1 1 0 0 0 1
1 0 0 0 1 1 1 1 1 1 1 1 0 0 0 2
1 0 0 0 1 1 1 1 1 1 1 1 0 0 1 0
1 0 0 0 1 1 1 1 1 1 1 1 0 0 1 1
1 0 0 0 1 1 1 1 1 1 1 1 0 0 1 2
1 0 0 0 1 1 1 1 1 1 1 1 0 0 2 0
1 0 0 0 1 1 1 1 1 1 1 1 0 0 2 1
1 0 0 0 1 1 1 1 1 1 1 1 0 0 2 2
1 0 0 0 1 1 1 1 1 1 1 1 0 1 0 0
1 0 0 0 1 1 1 1 1 1 1 1 0 1 0 1
1 0 0 0 1 1 1 1 1 1 1 1 0 1 0 2
1 0 0 0 1 1 1 1 1 1 1 1 0 1 1 0
1 0 0 0 1 1 1 1 1 1 1 1 0 1 1 1
1 0 0 0 1 1 1 1 1 1 1 1 0 1 1 2
1 0 0 0 1 1 1 1 1 1 1 1 0 1 2 0
1 0 0 0 1 1 1 1 1 1 1 1 0 1 2 1
1 0 0 0 1 1 1 1 1 1 1 1 0 1 2 2
1 0 0 0 1 1 1 1 1 1 1 1 0 2 0 0
1 0 0 0 1 1 1 1 1 1 1 1 0 2 0 1
1 0 0 0 1 1 1 1 1 1 1 1 0 2 0 2
1 0 0 0 1 1 1 1 1 1 1 1 0 2 1 0
1 0 0 0 1 1 1 1 1 1 1 1 0 2 1 1
1 0 0 0 1 1 1 1 1 1 1 1 0 2 1 2
1 0 0 0 1 1 1 1 1 1 1 1 0 2 2 0
1 0 0 0 1 1 1 1 1 1 1 1 0 2 2 1
1 0 0 0 1 1 1 1 1 1 1 1 0 2 2 2
1 0 0 0 1 1 1 1 1 1 1 1 1 0 0 0
1 0 0 0 1 1 1 1 1 1 1 1 1 0 0 1
1 0 0 0 1 1 1 1 1 1 1 1 1 0 0 2
1 0 0 0 1 1 1 1 1 1 1 1 1 0 1 0
1 0 0 0 1 1 1 1 1 1 1 1 1 0 1 1
1 0 0 0 1 1 1 1 1 1 1 1 1 0 1 2
1 0 0 0 1 1 1 1 1 1 1 1 1 0 2 0
1 0 0 0 1 1 1 1 1 1 1 1 1 0 2 1
1 0 0 0 1 1 1 1 1 1 1 1 1 0 2 2
1 0 0 0 1 1 1 1 1 1 1 1 1 1 0 0
1 0 0 0 1 1 1 1 1 1 1 1 1 1 0 1
1 0 0 0 1 1 1 1 1 1 1 1 1 1 0 2
1 0 0 0 1 1 1 1 1 1 1 1 1 1 1 0
1 0 0 0 1 1 1 1 1 1 1 1 1 1 1 1
1 0 0 0 1 1 1 1 1 1 1 1 1 1 1 2
1 0 0 0 1 1 1 1 1 1 1 1 1 1 2 0
1 0 0 0 1 1 1 1 1 1 1 1 1 1 2 1
1 0 0 0 1 1 1 1 1 1 1 1 1 1 2 2
1 0 0 0 1 1 1 1 1 1 1 1 1 2 0 0
1 0 0 0 1 1 1 1 1 1 1 1 1 2 0 1
1 0 0 0 1 1 1 1 1 1 1 1 1 2 0 2
1 0 0 0 1 1 1 1 1 1 1 1 1 2 1 0
1 0 0 0 1 1 1 1 1 1 1 1 1 2 1 1
1 0 0 0 1 1 1 1 1 1 1 1 1 2 1 2
1 0 0 0 1 1 1 1 1 1 1 1 1 2 2 0
1 0 0 0 1 1 1 1 1 1 1 1 1 2 2 1
1 0 0 0 1 1 1 1 1 1 1 1 1 2 2 2
1 0 0 0 1 1 1 1 1 1 1 1 2 0 0 0
1 0 0 0 1 1 1 1 1 1 1 1 2 0 0 1
1 0 0 0 1 1 1 1 1 1 1 1 2 0 0 2
1 0 0 0 1 1 1 1 1 1 1 1 2 0 1 0
1 0 0 0 1 1 1 1 1 1 1 1 2 0 1 1
1 0 0 0 1 1 1 1 1 1 1 1 2 0 1 2
1 0 0 0 1 1 1 1 1 1 1 1 2 0 2 0
1 0 0 0 1 1 1 1 1 1 1 1 2 0 2 1
1 0 0 0 1 1 1 1 1 1 1 1 2 0 2 2
1 0 0 0 1 1 1 1 1 1 1 1 2 1 0 0
1 0 0 0 1 1 1 1 1 1 1 1 2 1 0 1
1 0 0 0 1 1 1 1 1 1 1 1 2 1 0 2
1 0 0 0 1 1 1 1 1 1 1 1 2 1 1 0
1 0 0 0 1 1 1 1 1 1 1 1 2 1 1 1
1 0 0 0 1 1 1 1 1 1 1 1 2 1 1 2
1 0 0 0 1 1 1 1 1 1 1 1 2 1 2 0
1 0 0 0 1 1 1 1 1 1 1 1 2 1 2 1
1 0 0 0 1 1 1 1 1 1 1 1 2 1 2 2
1 0 0 0 1 1 1 1 1 1 1 1 2 2 0 0
1 0 0 0 1 1 1 1 1 1 1 1 2 2 0 1
1 0 0 0 1 1 1 1 1 1 1 1 2 2 0 2
1 0 0 0 1 1 1 1 1 1 1 1 2 2 1 0
1 0 0 0 1 1 1 1 1 1 1 1 2 2 1 1
1 0 0 0 1 1 1 1 1 1 1 1 2 2 1 2
1 0 0 0 1 1 1 1 1 1 1 1 2 2 2 0
1 0 0 0 1 1 1 1 1 1 1 1 2 2 2 1
1 0 0 0 1 1 1 1 1 1 1 1 2 2 2 2
1 0 0 0 1 1 1 1 1 1 1 2 0 0 0 0
1 0 0 0 1 1 1 1 1 1 1 2 0 0 0 1
1 0 0 0 1 1 1 1 1 1 1 2 0 0 0 2
1 0 0 0 1 1 1 1 1 1 1 2 0 0 1 0
1 0 0 0 1 1 1 1 1 1 1 2 0 0 1 1
1 0 0 0 1 1 1 1 1 1 1 2 0 0 1 2
1 0 0 0 1 1 1 1 1 1 1 2 0 0 2 0
1 0 0 0 1 1 1 1 1 1 1 2 0 0 2 1
1 0 0 0 1 1 1 1 1 1 1 2 0 0 2 2
1 0 0 0 1 1 1 1 1 1 1 2 0 1 0 0
1 0 0 0 1 1 1 1 1 1 1 2 0 1 0 1
1 0 0 0 1 1 1 1 1 1 1 2 0 1 0 2
1 0 0 0 1 1 1 1 1 1 1 2 0 1 1 0
1 0 0 0 1 1 1 1 1 1 1 2 0 1 1 1
1 0 0 0 1 1 1 1 1 1 1 2 0 1 1 2
1 0 0 0 1 1 1 1 1 1 1 2 0 1 2 0
1 0 0 0 1 1 1 1 1 1 1 2 0 1 2 1
1 0 0 0 1 1 1 1 1 1 1 2 0 1 2 2
1 0 0 0 1 1 1 1 1 1 1 2 0 2 0 0
1 0 0 0 1 1 1 1 1 1 1 2 0 2 0 1
1 0 0 0 1 1 1 1 1 1 1 2 0 2 0 2
1 0 0 0 1 1 1 1 1 1 1 2 0 2 1 0
1 0 0 0 1 1 1 1 1 1 1 2 0 2 1 1
1 0 0 0 1 1 1 1 1 1 1 2 0 2 1 2
1 0 0 0 1 1 1 1 1 1 1 2 0 2 2 0
1 0 0 0 1 1 1 1 1 1 1 2 0 2 2 1
1 0 0 0 1 1 1 1 1 1 1 2 0 2 2 2
1 0 0 0 1 1 1 1 1 1 1 2 1 0 0 0
1 0 0 0 1 1 1 1 1 1 1 2 1 0 0 1
1 0 0 0 1 1 1 1 1 1 1 2 1 0 0 2
1 0 0 0 1 1 1 1 1 1 1 2 1 0 1 0
1 0 0 0 1 1 1 1 1 1 1 2 1 0 1 1
1 0 0 0 1 1 1 1 1 1 1 2 1 0 1 2
1 0 0 0 1 1 1 1 1 1 1 2 1 0 2 0
1 0 0 0 1 1 1 1 1 1 1 2 1 0 2 1
1 0 0 0 1 1 1 1 1 1 1 2 1 0 2 2
1 0 0 0 1 1 1 1 1 1 1 2 1 1 0 0
1 0 0 0 1 1 1 1 1 1 1 2 1 1 0 1
1 0 0 0 1 1 1 1 1 1 1 2 1 1 0 2
1 0 0 0 1 1 1 1 1 1 1 2 1 1 1 0
1 0 0 0 1 1 1 1 1 1 1 2 1 1 1 1
1 0 0 0 1 1 1 1 1 1 1 2 1 1 1 2
1 0 0 0 1 1 1 1 1 1 1 2 1 1 2 0
1 0 0 0 1 1 1 1 1 1 1 2 1 1 2 1
1 0 0 0 1 1 1 1 1 1 1 2 1 1 2 2
1 0 0 0 1 1 1 1 1 1 1 2 1 2 0 0
1 0 0 0 1 1 1 1 1 1 1 2 1 2 0 1
1 0 0 0 1 1 1 1 1 1 1 2 1 2 0 2
1 0 0 0 1 1 1 1 1 1 1 2 1 2 1 0
1 0 0 0 1 1 1 1 1 1 1 2 1 2 1 1
1 0 0 0 1 1 1 1 1 1 1 2 1 2 1 2
1 0 0 0 1 1 1 1 1 1 1 2 1 2 2 0
1 0 0 0 1 1 1 1 1 1 1 2 1 2 2 1
1 0 0 0 1 1 1 1 1 1 1 2 1 2 2 2
1 0 0 0 1 1 1 1 1 1 1 2 2 0 0 0
1 0 0 0 1 1 1 1 1 1 1 2 2 0 0 1
1 0 0 0 1 1 1 1 1 1 1 2 2 0 0 2
1 0 0 0 1 1 1 1 1 1 1 2 2 0 1 0
1 0 0 0 1 1 1 1 1 1 1 2 2 0 1 1
1 0 0 0 1 1 1 1 1 1 1 2 2 0 1 2
1 0 0 0 1 1 1 1 1 1 1 2 2 0 2 0
1 0 0 0 1 1 1 1 1 1 1 2 2 0 2 1
1 0 0 0 1 1 1 1 1 1 1 2 2 0 2 2
1 0 0 0 1 1 1 1 1 1 1 2 2 1 0 0
1 0 0 0 1 1 1 1 1 1 1 2 2 1 0 1
1 0 0 0 1 1 1 1 1 1 1 2 2 1 0 2
1 0 0 0 1 1 1 1 1 1 1 2 2 1 1 0
1 0 0 0 1 1 1 1 1 1 1 2 2 1 1 1
1 0 0 0 1 1 1 1 1 1 1 2 2 1 1 2
1 0 0 0 1 1 1 1 1 1 1 2 2 1 2 0
1 0 0 0 1 1 1 1 1 1 1 2 2 1 2 1
1 0 0 0 1 1 1 1 1 1 1 2 2 1 2 2
1 0 0 0 1 1 1 1 1 1 1 2 2 2 0 0
1 0 0 0 1 1 1 1 1 1 1 2 2 2 0 1
1 0 0 0 1 1 1 1 1 1 1 2 2 2 0 2
1 0 0 0 1 1 1 1 1 1 1 2 2 2 1 0
1 0 0 0 1 1 1 1 1 1 1 2 2 2 1 1
1 0 0 0 1 1 1 1 1 1 1 2 2 2 1 2
1 0 0 0 1 1 1 1 1 1 1 2 2 2 2 0
1 0 0 0 1 1 1 1 1 1 1 2 2 2 2 1
1 0 0 0 1 1 1 1 1 1 1 2 2 2 2 2
1 0 0 0 1 1 1 1 1 1 2 1 1 1 0 1
1 0 0 0 1 1 1 1 1 1 2 1 1 1 1 0
1 0 0 0 1 1 1 1 1 1 2 1 1 1 1 1
1 0 0 0 1 1 1 1 1 1 2 1 1 1 1 2
1 0 0 0 1 1 1 1 1 1 2 1 1 1 2 1
1 0 0 0 1 1 1 1 1 2 0 1 1 1 1 0
1 0 0 0 1 1 1 1 1 2 0 1 1 1 1 1
1 0 0 0 1 1 1 1 1 2 0 1 1 1 1 2
1 0 0 0 1 1 1 1 1 2 1 1 1 1 1 0
1 0 0 0 1 1 1 1 1 2 1 1 1 1 1 1
1 0 0 0 1 1 1 1 1 2 1 1 1 1 1 2
1 0 0 0 1 1 1 1 1 2 2 1 1 1 1 0
1 0 0 0 1 1 1 1 1 2 2 1 1 1 1 1
1 0 0 0 1 1 1 1 1 2 2 1 1 1 1 2
1 0 0 0 1 1 1 1 2 0 0 1 1 1 1 0
1 0 0 0 1 1 1 1 2 0 0 1 1 1 1 1
1 0 0 0 1 1 1 1 2 0 0 1 1 1 1 2
1 0 0 0 1 1 1 1 2 0 1 1 1 1 1 0
1 0 0 0 1 1 1 1 2 0 1 1 1 1 1 1
1 0 0 0 1 1 1 1 2 0 1 1 1 1 1 2
1 0 0 0 1 1 1 1 2 0 2 1 1 1 1 0
1 0 0 0 1 1 1 1 2 0 2 1 1 1 1 1
1 0 0 0 1 1 1 1 2 0 2 1 1 1 1 2
1 0 0 0 1 1 1 1 2 1 0 1 1 1 1 0
1 0 0 0 1 1 1 1 2 1 0 1 1 1 1 1
1 0 0 0 1 1 1 1 2 1 0 1 1 1 1 2
1 0 0 0 1 1 1 1 2 1 1 1 1 1 1 0
1 0 0 0 1 1 1 1 2 1 1 1 1 1 1 1
1 0 0 0 1 1 1 1 2 1 1 1 1 1 1 2
1 0 0 0 1 1 1 1 2 1 2 1 1 1 1 0
1 0 0 0 1 1 1 1 2 1 2 1 1 1 1 1
1 0 0 0 1 1 1 1 2 1 2 1 1 1 1 2
1 0 0 0 1 1 1 1 2 2 0 1 1 1 1 0
1 0 0 0 1 1 1 1 2 2 0 1 1 1 1 1
1 0 0 0 1 1 1 1 2 2 0 1 1 1 1 2
1 0 0 0 1 1 1 1 2 2 1 1 1 1 1 0
1 0 0 0 1 1 1 1 2 2 1 1 1 1 1 1
1 0 0 0 1 1 1 1 2 2 1 1 1 1 1 2
1 0 0 0 1 1 1 1 2 2 2 0 1 1 1 0
1 0 0 0 1 1 1 1 2 2 2 0 1 1 1 1
1 0 0 0 1 1 1 1 2 2 2 0 1 1 1 2
1 0 0 0 1 1 1 1 2 2 2 1 1 1 1 0
1 0 0 0 1 1 1 1 2 2 2 1 1 1 1 1
1 0 0 0 1 1 1 1 2 2 2 1 1 1 1 2
1 0 0 0 1 1 1 2 1 1 0 1 1 1 0 1
1 0 0 0 1 1 1 2 1 1 0 1 1 1 1 1
1 0 0 0 1 1 1 2 1 1 0 1 1 1 2 1
1 0 0 0 1 1 1 2 1 1 1 1 1 1 0 1
1 0 0 0 1 1 1 2 1 1 1 1 1 1 1 1
1 0 0 0 1 1 1 2 1 1 1 1 1 1 2 1
1 0 0 0 1 1 1 2 1 1 2 1 1 1 0 1
1 0 0 0 1 1 1 2 1 1 2 1 1 1 1 1
1 0 0 0 1 1 1 2 1 1 2 1 1 1 2 1
1 0 0 0 1 1 2 0 1 1 0 1 1 1 0 1
1 0 0 0 1 1 2 0 1 1 0 1 1 1 1 1
1 0 0 0 1 1 2 0 1 1 0 1 1 1 2 1
1 0 0 0 1 1 2 0 1 1 1 1 1 1 0 1
1 0 0 0 1 1 2 0 1 1 1 1 1 1 1 1
1 0 0 0 1 1 2 0 1 1 1 1 1 1 2 1
1 0 0 0 1 1 2 0 1 1 2 1 1 1 0 1
1 0 0 0 1 1 2 0 1 1 2 1 1 1 1 1
1 0 0 0 1 1 2 0 1 1 2 1 1 1 2 1
1 0 0 0 1 1 2 1 1 0 0 1 1 1 1 1
1 0 0 0 1 1 2 1 1 0 1 1 1 1 1 1
1 0 0 0 1 1 2 1 1 0 2 1 1 1 1 1
1 0 0 0 1 1 2 1 1 1 0 1 1 1 0 1
1 0 0 0 1 1 2 1 1 1 0 1 1 1 1 1
1 0 0 0 1 1 2 1 1 1 0 1 1 1 2 1
1 0 0 0 1 1 2 1 1 1 1 1 1 1 0 1
1 0 0 0 1 1 2 1 1 1 1 1 1 1 1 1
1 0 0 0 1 1 2 1 1 1 1 1 1 1 2 1
1 0 0 0 1 1 2 1 1 1 2 1 1 1 0 1
1 0 0 0 1 1 2 1 1 1 2 1 1 1 1 1
1 0 0 0 1 1 2 1 1 1 2 1 1 1 2 1
1 0 0 0 1 1 2 2 1 1 0 1 1 1 0 1
1 0 0 0 1 1 2 2 1 1 0 1 1 1 1 1
1 0 0 0 1 1 2 2 1 1 0 1 1 1 2 1
1 0 0 0 1 1 2 2 1 1 1 1 1 1 0 1
1 0 0 0 1 1 2 2 1 1 1 1 1 1 1 1
1 0 0 0 1 1 2 2 1 1 1 1 1 1 2 1
1 0 0 0 1 1 2 2 1 1 2 1 0 1 0 1
1 0 0 0 1 1 2 2 1 1 2 1 0 1 1 1
1 0 0 0 1 1 2 2 1 1 2 1 0 1 2 1
1 0 0 0 1 1 2 2 1 1 2 1 1 1 0 1
1 0 0 0 1 1 2 2 1 1 2 1 1 1 1 1
1 0 0 0 1 1 2 2 1 1 2 1 1 1 2 1
1 0 0 0 1 2 0 1 2 0 0 1 1 1 1 2
1 0 0 0 1 2 0 1 2 0 1 1 1 1 1 2
1 0 0 0 1 2 0 1 2 0 2 1 1 1 1 2
1 0 0 0 1 2 0 1 2 1 0 1 1 1 1 2
1 0 0 0 1 2 0 1 2 1 1 1 1 1 1 2
1 0 0 0 1 2 0 1 2 1 2 1 1 1 1 2
1 0 0 0 1 2 0 1 2 2 0 1 1 1 1 2
1 0 0 0 1 2 0 1 2 2 1 1 1 1 1 2
1 0 0 0 1 2 0 1 2 2 2 1 1 1 1 2
1 0 0 0 1 2 1 1 0 0 0 0 1 1 1 0
1 0 0 0 1 2 1 1 0 0 0 0 1 1 1 1
1 0 0 0 1 2 1 1 0 0 0 0 1 1 1 2
1 0 0 0 1 2 1 1 0 0 0 1 1 1 1 0
1 0 0 0 1 2 1 1 0 0 0 1 1 1 1 1
1 0 0 0 1 2 1 1 0 0 0 1 1 1 1 2
1 0 0 0 1 2 1 1 0 0 1 1 1 1 1 0
1 0 0 0 1 2 1 1 0 0 1 1 1 1 1 1
1 0 0 0 1 2 1 1 0 0 1 1 1 1 1 2
1 0 0 0 1 2 1 1 0 0 2 1 1 1 1 0
1 0 0 0 1 2 1 1 0 0 2 1 1 1 1 1
1 0 0 0 1 2 1 1 0 0 2 1 1 1 1 2
1 0 0 0 1 2 1 1 0 1 0 1 1 1 1 0
1 0 0 0 1 2 1 1 0 1 0 1 1 1 1 1
1 0 0 0 1 2 1 1 0 1 0 1 1 1 1 2
1 0 0 0 1 2 1 1 0 1 1 1 1 1 1 0
1 0 0 0 1 2 1 1 0 1 1 1 1 1 1 1
1 0 0 0 1 2 1 1 0 1 1 1 1 1 1 2
1 0 0 0 1 2 1 1 0 1 2 1 1 1 1 0
1 0 0 0 1 2 1 1 0 1 2 1 1 1 1 1
1 0 0 0 1 2 1 1 0 1 2 1 1 1 1 2
1 0 0 0 1 2 1 1 0 2 0 1 1 1 1 0
1 0 0 0 1 2 1 1 0 2 0 1 1 1 1 1
1 0 0 0 1 2 1 1 0 2 0 1 1 1 1 2
1 0 0 0 1 2 1 1 0 2 1 1 1 1 1 0
1 0 0 0 1 2 1 1 0 2 1 1 1 1 1 1
1 0 0 0 1 2 1 1 0 2 1 1 1 1 1 2
1 0 0 0 1 2 1 1 0 2 2 1 1 1 1 0
1 0 0 0 1 2 1 1 0 2 2 1 1 1 1 1
1 0 0 0 1 2 1 1 0 2 2 1 1 1 1 2
1 0 0 0 1 2 1 1 1 0 0 1 1 1 1 0
1 0 0 0 1 2 1 1 1 0 0 1 1 1 1 1
1 0 0 0 1 2 1 1 1 0 0 1 1 1 1 2
1 0 0 0 1 2 1 1 1 0 1 1 1 1 1 0
1 0 0 0 1 2 1 1 1 0 1 1 1 1 1 1
1 0 0 0 1 2 1 1 1 0 1 1 1 1 1 2
1 0 0 0 1 2 1 1 1 0 2 1 1 1 1 0
1 0 0 0 1 2 1 1 1 0 2 1 1 1 1 1
1 0 0 0 1 2 1 1 1 0 2 1 1 1 1 2
1 0 0 0 1 2 1 1 1 1 0 1 1 1 1 0
1 0 0 0 1 2 1 1 1 1 0 1 1 1 1 1
1 0 0 0 1 2 1 1 1 1 0 1 1 1 1 2
1 0 0 0 1 2 1 1 1 1 1 0 1 1 1 0
1 0 0 0 1 2 1 1 1 1 1 0 1 1 1 1
1 0 0 0 1 2 1 1 1 1 1 0 1 1 1 2
1 0 0 0 1 2 1 1 1 1 1 1 1 1 1 0
1 0 0 0 1 2 1 1 1 1 1 1 1 1 1 1
1 0 0 0 1 2 1 1 1 1 1 1 1 1 1 2
1 0 0 0 1 2 1 1 1 1 2 1 1 1 1 0
1 0 0 0 1 2 1 1 1 1 2 1 1 1 1 1
1 0 0 0 1 2 1 1 1 1 2 1 1 1 1 2
1 0 0 0 1 2 1 1 1 2 0 1 1 1 1 0
1 0 0 0 1 2 1 1 1 2 0 1 1 1 1 1
1 0 0 0 1 2 1 1 1 2 0 1 1 1 1 2
1 0 0 0 1 2 1 1 1 2 1 1 1 1 1 0
1 0 0 0 1 2 1 1 1 2 1 1 1 1 1 1
1 0 0 0 1 2 1 1 1 2 1 1 1 1 1 2
1 0 0 0 1 2 1 1 1 2 2 1 1 1 1 0
1 0 0 0 1 2 1 1 1 2 2 1 1 1 1 1
1 0 0 0 1 2 1 1 1 2 2 1 1 1 1 2
1 0 0 0 1 2 1 1 2 0 0 1 1 1 1 0
1 0 0 0 1 2 1 1 2 0 0 1 1 1 1 1
1 0 0 0 1 2 1 1 2 0 0 1 1 1 1 2
1 0 0 0 1 2 1 1 2 0 1 1 1 1 1 0
1 0 0 0 1 2 1 1 2 0 1 1 1 1 1 1
1 0 0 0 1 2 1 1 2 0 1 1 1 1 1 2
1 0 0 0 1 2 1 1 2 0 2 1 1 1 1 0
1 0 0 0 1 2 1 1 2 0 2 1 1 1 1 1
1 0 0 0 1 2 1 1 2 0 2 1 1 1 1 2
1 0 0 0 1 2 1 1 2 1 0 1 1 1 1 0
1 0 0 0 1 2 1 1 2 1 0 1 1 1 1 1
1 0 0 0 1 2 1 1 2 1 0 1 1 1 1 2
1 0 0 0 1 2 1 1 2 1 1 1 1 1 1 0
1 0 0 0 1 2 1 1 2 1 1 1 1 1 1 1
1 0 0 0 1 2 1 1 2 1 1 1 1 1 1 2
1 0 0 0 1 2 1 1 2 1 2 1 1 1 1 0
1 0 0 0 1 2 1 1 2 1 2 1 1 1 1 1
1 0 0 0 1 2 1 1 2 1 2 1 1 1 1 2
1 0 0 0 1 2 1 1 2 2 0 1 1 1 1 0
1 0 0 0 1 2 1 1 2 2 0 1 1 1 1 1
1 0 0 0 1 2 1 1 2 2 0 1 1 1 1 2
1 0 0 0 1 2 1 1 2 2 1 1 1 1 1 0
1 0 0 0 1 2 1 1 2 2 1 1 1 1 1 1
1 0 0 0 1 2 1 1 2 2 1 1 1 1 1 2
1 0 0 0 1 2 1 1 2 2 2 0 1 1 1 0
1 0 0 0 1 2 1 1 2 2 2 0 1 1 1 1
1 0 0 0 1 2 1 1 2 2 2 0 1 1 1 2
1 0 0 0 1 2 1 1 2 2 2 1 1 1 1 0
1 0 0 0 1 2 1 1 2 2 2 1 1 1 1 1
1 0 0 0 1 2 1 1 2 2 2 1 1 1 1 2
1 0 0 0 2 1 0 0 1 1 0 1 0 1 0 1
1 0 0 0 2 1 0 0 1 1 0 1 0 1 1 1
1 0 0 0 2 1 0 0 1 1 0 1 0 1 2 1
1 0 0 0 2 1 0 0 1 1 0 1 1 1 0 1
1 0 0 0 2 1 0 0 1 1 0 1 1 1 1 1
1 0 0 0 2 1 0 0 1 1 0 1 1 1 2 1
1 0 0 0 2 1 0 0 1 1 1 1 1 1 0 1
1 0 0 0 2 1 0 0 1 1 1 1 1 1 1 1
1 0 0 0 2 1 0 0 1 1 1 1 1 1 2 1
1 0 0 0 2 1 0 0 1 1 2 1 1 1 0 1
1 0 0 0 2 1 0 0 1 1 2 1 1 1 1 1
1 0 0 0 2 1 0 0 1 1 2 1 1 1 2 1
1 0 0 0 2 1 0 1 1 1 0 1 1 1 0 1
1 0 0 0 2 1 0 1 1 1 0 1 1 1 1 1
1 0 0 0 2 1 0 1 1 1 0 1 1 1 2 1
1 0 0 0 2 1 0 1 1 1 1 1 1 1 0 1
1 0 0 0 2 1 0 1 1 1 1 1 1 1 1 1
1 0 0 0 2 1 0 1 1 1 1 1 1 1 2 1
1 0 0 0 2 1 0 1 1 1 2 1 1 1 0 1
1 0 0 0 2 1 0 1 1 1 2 1 1 1 1 1
1 0 0 0 2 1 0 1 1 1 2 1 1 1 2 1
1 0 0 0 2 1 0 2 1 0 0 1 1 1 2 1
1 0 0 0 2 1 0 2 1 0 1 1 1 1 2 1
1 0 0 0 2 1 0 2 1 0 2 1 1 1 2 1
1 0 0 0 2 1 0 2 1 1 0 1 1 1 0 1
1 0 0 0 2 1 0 2 1 1 0 1 1 1 1 1
1 0 0 0 2 1 0 2 1 1 0 1 1 1 2 1
1 0 0 0 2 1 0 2 1 1 1 1 1 1 0 1
1 0 0 0 2 1 0 2 1 1 1 1 1 1 1 1
1 0 0 0 2 1 0 2 1 1 1 1 1 1 2 1
1 0 0 0 2 1 0 2 1 1 2 1 1 1 0 1
1 0 0 0 2 1 0 2 1 1 2 1 1 1 1 1
1 0 0 0 2 1 0 2 1 1 2 1 1 1 2 1
1 0 0 0 2 1 1 0 1 1 0 1 1 1 0 1
1 0 0 0 2 1 1 0 1 1 0 1 1 1 1 1
1 0 0 0 2 1 1 0 1 1 0 1 1 1 2 1
1 0 0 0 2 1 1 0 1 1 1 1 1 1 0 1
1 0 0 0 2 1 1 0 1 1 1 1 1 1 1 1
1 0 0 0 2 1 1 0 1 1 1 1 1 1 2 1
1 0 0 0 2 1 1 0 1 1 2 1 1 1 0 1
1 0 0 0 2 1 1 0 1 1 2 1 1 1 1 1
1 0 0 0 2 1 1 0 1 1 2 1 1 1 2 1
1 0 0 0 2 1 1 1 1 1 0 1 1 1 0 1
1 0 0 0 2 1 1 1 1 1 0 1 1 1 1 1
1 0 0 0 2 1 1 1 1 1 0 1 1 1 2 1
1 0 0 0 2 1 1 1 1 1 1 1 0 1 0 1
1 0 0 0 2 1 1 1 1 1 1 1 0 1 1 1
1 0 0 0 2 1 1 1 1 1 1 1 0 1 2 1
1 0 0 0 2 1 1 1 1 1 1 1 1 1 0 1
1 0 0 0 2 1 1 1 1 1 1 1 1 1 1 1
1 0 0 0 2 1 1 1 1 1 1 1 1 1 2 1
1 0 0 0 2 1 1 1 1 1 2 1 1 1 0 1
1 0 0 0 2 1 1 1 1 1 2 1 1 1 1 1
1 0 0 0 2 1 1 1 1 1 2 1 1 1 2 1
1 0 0 0 2 1 1 2 1 0 0 1 1 1 2 1
1 0 0 0 2 1 1 2 1 0 1 1 1 1 2 1
1 0 0 0 2 1 1 2 1 0 2 1 1 1 2 1
1 0 0 0 2 1 1 2 1 1 0 1 1 1 0 1
1 0 0 0 2 1 1 2 1 1 0 1 1 1 1 1
1 0 0 0 2 1 1 2 1 1 0 1 1 1 2 1
1 0 0 0 2 1 1 2 1 1 1 1 1 1 0 1
1 0 0 0 2 1 1 2 1 1 1 1 1 1 1 1
1 0 0 0 2 1 1 2 1 1 1 1 1 1 2 1
1 0 0 0 2 1 1 2 1 1 2 1 1 1 0 1
1 0 0 0 2 1 1 2 1 1 2 1 1 1 1 1
1 0 0 0 2 1 1 2 1 1 2 1 1 1 2 1
1 0 0 0 2 1 2 0 1 1 0 1 1 1 0 1
1 0 0 0 2 1 2 0 1 1 0 1 1 1 1 1
1 0 0 0 2 1 2 0 1 1 0 1 1 1 2 1
1 0 0 0 2 1 2 0 1 1 1 1 1 1 0 1
1 0 0 0 2 1 2 0 1 1 1 1 1 1 1 1
1 0 0 0 2 1 2 0 1 1 1 1 1 1 2 1
1 0 0 0 2 1 2 0 1 1 2 1 1 1 0 1
1 0 0 0 2 1 2 0 1 1 2 1 1 1 1 1
1 0 0 0 2 1 2 0 1 1 2 1 1 1 2 1
1 0 0 0 2 1 2 1 1 1 0 1 1 1 0 1
1 0 0 0 2 1 2 1 1 1 0 1 1 1 1 1
1 0 0 0 2 1 2 1 1 1 0 1 1 1 2 1
1 0 0 0 2 1 2 1 1 1 1 1 1 1 0 1
1 0 0 0 2 1 2 1 1 1 1 1 1 1 1 1
1 0 0 0 2 1 2 1 1 1 1 1 1 1 2 1
1 0 0 0 2 1 2 1 1 1 2 1 1 1 0 1
1 0 0 0 2 1 2 1 1 1 2 1 1 1 1 1
1 0 0 0 2 1 2 1 1 1 2 1 1 1 2 1
1 0 0 0 2 1 2 2 1 0 0 1 1 1 2 1
1 0 0 0 2 1 2 2 1 0 1 1 1 1 2 1
1 0 0 0 2 1 2 2 1 0 2 1 1 1 2 1
1 0 0 0 2 1 2 2 1 1 0 1 1 1 0 1
1 0 0 0 2 1 2 2 1 1 0 1 1 1 1 1
1 0 0 0 2 1 2 2 1 1 0 1 1 1 2 1
1 0 0 0 2 1 2 2 1 1 1 1 1 1 0 1
1 0 0 0 2 1 2 2 1 1 1 1 1 1 1 1
1 0 0 0 2 1 2 2 1 1 1 1 1 1 2 1
1 0 0 0 2 1 2 2 1 1 2 1 0 1 0 1
1 0 0 0 2 1 2 2 1 1 2 1 0 1 1 1
1 0 0 0 2 1 2 2 1 1 2 1 0 1 2 1
1 0 0 0 2 1 2 2 1 1 2 1 1 1 0 1
1 0 0 0 2 1 2 2 1 1 2 1 1 1 1 1
1 0 0 0 2 1 2 2 1 1 2 1 1 1 2 1
1 0 0 2 1 0 1 1 0 0 0 0 1 1 1 0
1 0 0 2 1 0 1 1 1 1 1 0 0 0 0 0
1 0 0 2 1 0 1 1 1 1 1 0 1 1 1 0
1 0 0 2 1 0 1 1 1 1 1 0 2 2 2 0
1 0 0 2 1 0 1 1 1 1 1 0 2 2 2 2
1 0 0 2 1 0 1 1 2 2 2 0 1 1 1 0
1 0 0 2 1 0 1 1 2 2 2 0 1 1 1 2
1 0 2 0 0 1 0 0 1 1 0 1 0 1 0 1
1 0 2 0 0 1 1 1 1 1 1 0 0 0 0 0
1 0 2 0 0 1 1 1 1 1 1 1 0 1 0 1
1 0 2 0 0 1 1 1 1 1 1 2 0 2 0 2
1 0 2 0 0 1 1 1 1 1 1 2 0 2 2 2
1 0 2 0 0 1 2 2 1 1 2 1 0 1 0 1
1 0 2 0 0 1 2 2 1 1 2 1 0 1 2 1
1 0 2 2 0 0 1 1 1 1 1 0 0 0 0 0
1 0 2 2 0 0 1 1 1 1 1 2 2 2 2 2
1 2 0 0 0 1 0 0 1 0 0 1 1 1 0 1
1 2 0 0 1 0 0 1 0 0 0 1 1 1 1 0
1 2 0 0 1 1 0 1 1 0 0 1 1 1 1 1
1 2 0 0 1 2 0 1 2 0 0 1 1 1 1 2
1 2 0 0 1 2 0 1 2 0 2 1 1 1 1 2
1 2 0 0 2 1 0 2 1 0 0 1 1 1 2 1
1 2 0 0 2 1 0 2 1 0 2 1 1 1 2 1
1 2 0 2 1 0 0 1 0 0 0 0 1 1 1 0
1 2 0 2 1 2 0 1 2 2 2 0 1 1 1 2
1 2 2 0 0 1 0 0 1 0 0 1 0 1 0 1
1 2 2 0 2 1 2 2 1 0 2 1 0 1 2 1
2 0 0 0 0 1 0 0 1 0 0 1 1 1 0 1
2 0 0 0 0 1 0 0 1 0 1 1 1 1 0 1
2 0 0 0 0 1 0 0 1 1 0 1 0 1 0 1
2 0 0 0 0 1 0 0 1 1 0 1 0 1 1 1
2 0 0 0 0 1 0 0 1 1 0 1 1 1 0 1
2 0 0 0 0 1 0 0 1 1 0 1 1 1 1 1
2 0 0 0 0 1 0 0 1 1 1 1 1 1 0 1
2 0 0 0 0 1 0 0 1 1 1 1 1 1 1 1
2 0 0 0 0 1 0 1 1 1 0 1 1 1 0 1
2 0 0 0 0 1 0 1 1 1 0 1 1 1 1 1
2 0 0 0 0 1 0 1 1 1 1 1 1 1 0 1
2 0 0 0 0 1 0 1 1 1 1 1 1 1 1 1
2 0 0 0 0 1 1 0 1 0 0 1 1 1 0 1
2 0 0 0 0 1 1 0 1 0 1 1 1 1 0 1
2 0 0 0 0 1 1 0 1 1 0 1 1 1 0 1
2 0 0 0 0 1 1 0 1 1 0 1 1 1 1 1
2 0 0 0 0 1 1 0 1 1 1 1 1 1 0 1
2 0 0 0 0 1 1 0 1 1 1 1 1 1 1 1
2 0 0 0 0 1 1 1 1 1 0 1 1 1 0 1
2 0 0 0 0 1 1 1 1 1 0 1 1 1 1 1
2 0 0 0 0 1 1 1 1 1 1 0 0 0 0 0
2 0 0 0 0 1 1 1 1 1 1 0 0 0 1 0
2 0 0 0 0 1 1 1 1 1 1 0 1 0 0 0
2 0 0 0 0 1 1 1 1 1 1 0 1 0 1 0
2 0 0 0 0 1 1 1 1 1 1 1 0 1 0 1
2 0 0 0 0 1 1 1 1 1 1 1 0 1 1 1
2 0 0 0 0 1 1 1 1 1 1 1 1 1 0 1
2 0 0 0 0 1 1 1 1 1 1 1 1 1 1 1
2 0 0 0 1 0 0 1 0 0 0 1 1 1 1 0
2 0 0 0 1 0 0 1 0 0 1 1 1 1 1 0
2 0 0 0 1 0 0 1 0 1 0 1 1 1 1 0
2 0 0 0 1 0 0 1 0 1 1 1 1 1 1 0
2 0 0 0 1 0 1 1 0 0 0 0 1 1 1 0
2 0 0 0 1 0 1 1 0 0 0 0 1 1 1 1
2 0 0 0 1 0 1 1 0 0 0 1 1 1 1 0
2 0 0 0 1 0 1 1 0 0 0 1 1 1 1 1
2 0 0 0 1 0 1 1 0 0 1 1 1 1 1 0
2 0 0 0 1 0 1 1 0 0 1 1 1 1 1 1
2 0 0 0 1 0 1 1 0 1 0 1 1 1 1 0
2 0 0 0 1 0 1 1 0 1 0 1 1 1 1 1
2 0 0 0 1 0 1 1 0 1 1 1 1 1 1 0
2 0 0 0 1 0 1 1 0 1 1 1 1 1 1 1
2 0 0 0 1 0 1 1 1 0 0 1 1 1 1 0
2 0 0 0 1 0 1 1 1 0 0 1 1 1 1 1
2 0 0 0 1 0 1 1 1 0 1 1 1 1 1 0
2 0 0 0 1 0 1 1 1 0 1 1 1 1 1 1
2 0 0 0 1 0 1 1 1 1 0 1 1 1 1 0
2 0 0 0 1 0 1 1 1 1 0 1 1 1 1 1
2 0 0 0 1 0 1 1 1 1 1 0 0 0 0 0
2 0 0 0 1 0 1 1 1 1 1 0 0 0 0 1
2 0 0 0 1 0 1 1 1 1 1 0 1 1 1 0
2 0 0 0 1 0 1 1 1 1 1 0 1 1 1 1
2 0 0 0 1 0 1 1 1 1 1 1 0 0 0 0
2 0 0 0 1 0 1 1 1 1 1 1 0 0 0 1
2 0 0 0 1 0 1 1 1 1 1 1 1 1 1 0
2 0 0 0 1 0 1 1 1 1 1 1 1 1 1 1
2 0 0 0 1 1 0 0 1 1 0 1 0 1 0 1
2 0 0 0 1 1 0 0 1 1 0 1 0 1 1 1
2 0 0 0 1 1 0 0 1 1 0 1 1 1 0 1
2 0 0 0 1 1 0 0 1 1 0 1 1 1 1 1
2 0 0 0 1 1 0 0 1 1 1 1 1 1 0 1
2 0 0 0 1 1 0 0 1 1 1 1 1 1 1 1
2 0 0 0 1 1 0 1 1 0 0 1 1 1 1 1
2 0 0 0 1 1 0 1 1 0 1 1 1 1 1 1
2 0 0 0 1 1 0 1 1 1 0 1 1 1 0 1
2 0 0 0 1 1 0 1 1 1 0 1 1 1 1 1
2 0 0 0 1 1 0 1 1 1 1 1 1 1 0 1
2 0 0 0 1 1 0 1 1 1 1 1 1 1 1 1
2 0 0 0 1 1 1 0 1 1 0 1 1 1 0 1
2 0 0 0 1 1 1 0 1 1 0 1 1 1 1 1
2 0 0 0 1 1 1 0 1 1 1 1 1 1 0 1
2 0 0 0 1 1 1 0 1 1 1 1 1 1 1 1
2 0 0 0 1 1 1 1 0 0 0 0 1 1 1 0
2 0 0 0 1 1 1 1 0 0 0 0 1 1 1 1
2 0 0 0 1 1 1 1 0 0 0 1 1 1 1 0
2 0 0 0 1 1 1 1 0 0 0 1 1 1 1 1
2 0 0 0 1 1 1 1 0 0 1 1 1 1 1 0
2 0 0 0 1 1 1 1 0 0 1 1 1 1 1 1
2 0 0 0 1 1 1 1 0 1 0 1 1 1 1 0
2 0 0 0 1 1 1 1 0 1 0 1 1 1 1 1
2 0 0 0 1 1 1 1 0 1 1 1 1 1 1 0
2 0 0 0 1 1 1 1 0 1 1 1 1 1 1 1
2 0 0 0 1 1 1 1 1 0 0 1 1 1 1 0
2 0 0 0 1 1 1 1 1 0 0 1 1 1 1 1
2 0 0 0 1 1 1 1 1 0 1 1 1 1 1 0
2 0 0 0 1 1 1 1 1 0 1 1 1 1 1 1
2 0 0 0 1 1 1 1 1 1 0 1 1 1 0 1
2 0 0 0 1 1 1 1 1 1 0 1 1 1 1 0
2 0 0 0 1 1 1 1 1 1 0 1 1 1 1 1
2 0 0 0 1 1 1 1 1 1 1 0 0 0 0 0
2 0 0 0 1 1 1 1 1 1 1 0 0 0 0 1
2 0 0 0 1 1 1 1 1 1 1 0 0 0 1 0
2 0 0 0 1 1 1 1 1 1 1 0 0 0 1 1
2 0 0 0 1 1 1 1 1 1 1 0 0 1 0 0
2 0 0 0 1 1 1 1 1 1 1 0 0 1 0 1
2 0 0 0 1 1 1 1 1 1 1 0 0 1 1 0
2 0 0 0 1 1 1 1 1 1 1 0 0 1 1 1
2 0 0 0 1 1 1 1 1 1 1 0 1 0 0 0
2 0 0 0 1 1 1 1 1 1 1 0 1 0 0 1
2 0 0 0 1 1 1 1 1 1 1 0 1 0 1 0
2 0 0 0 1 1 1 1 1 1 1 0 1 0 1 1
2 0 0 0 1 1 1 1 1 1 1 0 1 1 0 0
2 0 0 0 1 1 1 1 1 1 1 0 1 1 0 1
2 0 0 0 1 1 1 1 1 1 1 0 1 1 1 0
2 0 0 0 1 1 1 1 1 1 1 0 1 1 1 1
2 0 0 0 1 1 1 1 1 1 1 1 0 0 0 0
2 0 0 0 1 1 1 1 1 1 1 1 0 0 0 1
2 0 0 0 1 1 1 1 1 1 1 1 0 0 1 0
2 0 0 0 1 1 1 1 1 1 1 1 0 0 1 1
2 0 0 0 1 1 1 1 1 1 1 1 0 1 0 0
2 0 0 0 1 1 1 1 1 1 1 1 0 1 0 1
2 0 0 0 1 1 1 1 1 1 1 1 0 1 1 0
2 0 0 0 1 1 1 1 1 1 1 1 0 1 1 1
2 0 0 0 1 1 1 1 1 1 1 1 1 0 0 0
2 0 0 0 1 1 1 1 1 1 1 1 1 0 0 1
2 0 0 0 1 1 1 1 1 1 1 1 1 0 1 0
2 0 0 0 1 1 1 1 1 1 1 1 1 0 1 1
2 0 0 0 1 1 1 1 1 1 1 1 1 1 0 0
2 0 0 0 1 1 1 1 1 1 1 1 1 1 0 1
2 0 0 0 1 1 1 1 1 1 1 1 1 1 1 0
2 0 0 0 1 1 1 1 1 1 1 1 1 1 1 1
2 0 0 2 1 0 1 1 0 0 0 0 1 1 1 0
2 0 0 2 1 0 1 1 1 1 1 0 0 0 0 0
2 0 0 2 1 0 1 1 1 1 1 0 1 1 1 0
2 0 2 0 0 1 0 0 1 1 0 1 0 1 0 1
2 0 2 0 0 1 1 1 1 1 1 0 0 0 0 0
2 0 2 0 0 1 1 1 1 1 1 1 0 1 0 1
2 0 2 2 0 0 1 1 1 1 1 0 0 0 0 0
2 2 0 0 0 1 0 0 1 0 0 1 1 1 0 1
2 2 0 0 1 0 0 1 0 0 0 1 1 1 1 0
2 2 0 0 1 1 0 1 1 0 0 1 1 1 1 1
2 2 0 2 1 0 0 1 0 0 0 0 1 1 1 0
2 2 2 0 0 1 0 0 1 0 0 1 0 1 0 1
2 2 2 2 0 0 0 0 0 0 0 0 0 0 0 0
1017