0 1 2 || 0 0 0 | 1 1 1 | 1 1 1 | 1 1 1 | 1 1 1
0 2 1 || 1 1 1 | 0 0 0 | 1 1 1 | 1 1 1 | 1 1 1
2 0 1 || 2 2 2 | 0 1 2 | 0 0 0 | 1 1 1 | 2 2 2
2 1 0 || 0 1 2 | 2 2 2 | 0 1 2 | 0 1 2 | 0 1 2

C:\Users\Artsem_Zdanovich\AppData\Local\Microsoft\WindowsApps\python3.10.exe C:\Course_work\Predicate_Tool\main2.py
3
[(2, 2, 2, 0, 0, 2, 2), (1, 0, 2, 1, 2, 0, 1), (1, 2, 0, 2, 1, 1, 0)]
1 9
2 25
(2, 0, 0, 1, 1, 2, 0)->((2, 2, 0, 0, 1, 2, 0), (2, 0, 0, 1, 1, 1, 2))
(2, 0, 0, 1, 1, 1, 2)->((2, 0, 2, 1, 0, 0, 2), (1, 0, 0, 0, 1, 1, 1))
(1, 0, 0, 0, 1, 1, 1)->((1, 0, 0, 2, 1, 1, 0), (2, 0, 0, 0, 1, 2, 1))
(2, 2, 0, 0, 1, 2, 0)->((2, 2, 2, 0, 0, 2, 2), (1, 2, 0, 0, 1, 1, 0))
(2, 0, 2, 1, 0, 0, 2)->((2, 2, 2, 0, 0, 2, 2), (1, 0, 2, 1, 2, 0, 1))
(1, 0, 0, 2, 1, 1, 0)->((1, 2, 0, 2, 1, 1, 0), (2, 0, 0, 1, 1, 1, 2))
(1, 2, 0, 0, 1, 1, 0)->((1, 2, 0, 2, 1, 1, 0), (2, 2, 0, 0, 1, 2, 0))
(2, 0, 0, 0, 1, 2, 1)->((2, 2, 0, 0, 1, 2, 0), (1, 0, 0, 0, 1, 1, 1))
3 33
4 33
1 0 0 0 1 1 0
1 0 0 0 1 1 1
1 0 0 1 0 0 1
1 0 0 1 0 1 1
1 0 0 1 1 0 1
1 0 0 1 1 1 0
1 0 0 1 1 1 1
1 0 0 1 2 0 1
1 0 0 1 2 1 1
1 0 0 2 1 1 0
1 0 0 2 1 1 1
1 0 2 1 0 0 1
1 0 2 1 2 0 1
1 2 0 0 1 1 0
1 2 0 2 1 1 0
2 0 0 0 1 2 0
2 0 0 0 1 2 1
2 0 0 0 1 2 2
2 0 0 1 0 0 2
2 0 0 1 0 1 2
2 0 0 1 0 2 2
2 0 0 1 1 0 0
2 0 0 1 1 0 1
2 0 0 1 1 0 2
2 0 0 1 1 1 0
2 0 0 1 1 1 1
2 0 0 1 1 1 2
2 0 0 1 1 2 0
2 0 0 1 1 2 1
2 0 0 1 1 2 2
2 0 2 1 0 0 2
2 2 0 0 1 2 0
2 2 2 0 0 2 2
33

Process finished with exit code 0
